			Task "a"
 20  69  28  88  29  10  91  66
 74  68  77   6  98  74  56  38
 99  17  87  47   5  88  41  46
 51  52  20  11  20   1  57   9
 93  37  62  76  76  14  50  37
 96  82  56  79  83  10  93  21
 80  31  11  13  87  42  51  67
 40  93  44  23  22  15  34  21

Сумма главной диагонали --> 344
Сумма побочной диагонали --> 324
Произведение главной диагонали --> 1059385219200
Произведение побочной диагонали --> 50446915200


		Task "b"
 21  46 -29  31  40
-33  50  31  48 -52
-29 -89 -25 -33  96
 95  70  64  75  11
-46 -34  60   7  96
-55  52  31  88 -15
 79  42  27 -30 -45
 76  88  68  45  86

Maximum --> 96
Indexes --> [2 4] [4 4]


		Task "c"
 10  20  15   4   5
  4  -5   2   6   6
  7   0  -6   1   5
 10  20  15   4   5
  0   3  -7  -2  -1
  6  -5   8   4  -3
  0   7   7   1   8
  8   9  -7  -3  -4

Multiply of each row:
[60000, -1440, 0, 60000, 0, 2880, 0, -6048]
Maximum --> 60000
Indexes --> [0] [3]

		Task "c"
  0  -8  -1   9  -5
 -7  -8   1  -6  -6
 10  -3   8  -7  -4
 -5  -4   4   5  -3
 -9  -4   7  -7   1
  0  -9  -4  -7   8
  4  -8  -6   1   0
  3   8 -10  -7   4

Multiply of each row:
[0, 2016, -6720, -1200, -1764, 0, 0, 6720]
Maximum --> 6720
Indexes --> [2] [7]

		Task "c"
 -6   9  -1  10   2
  9   5   8   3  -7
  6   8   9  -3   9
  0  -1   3   1   1
 10  10 -10   4  -5
 -8   5   5  -1   6
  1 -10  10   8   9
  1  -1  -9   6   0

Multiply of each row:
[1080, -7560, -11664, 0, 20000, 1200, -7200, 0]
Maximum --> 20000
Indexes --> [4]


		Task "d"
 11  73  13  75  76  39  54
 39  36  64  68  93  94  86
 33   4  75  38  30  41  73
 72  54  16  12  57  41  50
 70  34  82  41  19  91  90
 11   1  89  88   1  42  68
 98  61  31  71  76  84  81
 81  95  100  85  32  59  98
 28  57  40  69  82  54   9
 74  97  31  27  43  12  16

Array sorted by each row:
 76  75  73  54  39  13  11
 94  93  86  68  64  39  36
 75  73  41  38  33  30   4
 72  57  54  50  41  16  12
 91  90  82  70  41  34  19
 89  88  68  42  11   1   1
 98  84  81  76  71  61  31
 100  98  95  85  81  59  32
 82  69  57  54  40  28   9
 97  74  43  31  27  16  12


